        <path d="M0,-30.0 C52.0,-30.0 52.0,-9.6 104,-9.6 C156.0,-9.6 156.0,-4.1 208,-4.1 C260.0,-4.1 260.0,-12.7 312,-12.7 C364.0,-12.7 364.0,-22.7 416,-22.7 C468.0,-22.7 468.0,-26.5 520,-26.5 C572.0,-26.5 572.0,-29.9 624,-29.9 C676.0,-29.9 676.0,-40.9 728,-40.9 C780.0,-40.9 780.0,-55.0 832,-55.0 C884.0,-55.0 884.0,-57.8 936,-57.8 C988.0,-57.8 988.0,-42.9 1040,-42.9 C1092.0,-42.9 1092.0,-20.7 1144,-20.7 C1196.0,-20.7 1196.0,-8.2 1248,-8.2 C1300.0,-8.2 1300.0,-10.5 1352,-10.5 C1404.0,-10.5 1404.0,-17.6 1456,-17.6" />
        <path d="M0,53.8 C52.0,53.8 52.0,66.3 104,66.3 C156.0,66.3 156.0,49.4 208,49.4 C260.0,49.4 260.0,32.5 312,32.5 C364.0,32.5 364.0,27.5 416,27.5 C468.0,27.5 468.0,16.0 520,16.0 C572.0,16.0 572.0,-5.4 624,-5.4 C676.0,-5.4 676.0,-8.2 728,-8.2 C780.0,-8.2 780.0,22.0 832,22.0 C884.0,22.0 884.0,55.4 936,55.4 C988.0,55.4 988.0,60.1 1040,60.1 C1092.0,60.1 1092.0,45.8 1144,45.8 C1196.0,45.8 1196.0,38.4 1248,38.4 C1300.0,38.4 1300.0,33.8 1352,33.8 C1404.0,33.8 1404.0,13.1 1456,13.1" />
        <path d="M0,137.4 C52.0,137.4 52.0,118.9 104,118.9 C156.0,118.9 156.0,88.2 208,88.2 C260.0,88.2 260.0,79.7 312,79.7 C364.0,79.7 364.0,61.5 416,61.5 C468.0,61.5 468.0,38.0 520,38.0 C572.0,38.0 572.0,62.6 624,62.6 C676.0,62.6 676.0,117.4 728,117.4 C780.0,117.4 780.0,130.5 832,130.5 C884.0,130.5 884.0,105.8 936,105.8 C988.0,105.8 988.0,93.9 1040,93.9 C1092.0,93.9 1092.0,81.5 1144,81.5 C1196.0,81.5 1196.0,45.9 1248,45.9 C1300.0,45.9 1300.0,36.8 1352,36.8 C1404.0,36.8 1404.0,83.5 1456,83.5" />
        <path d="M0,170.2 C52.0,170.2 52.0,155.6 104,155.6 C156.0,155.6 156.0,142.9 208,142.9 C260.0,142.9 260.0,138.7 312,138.7 C364.0,138.7 364.0,136.0 416,136.0 C468.0,136.0 468.0,127.8 520,127.8 C572.0,127.8 572.0,119.4 624,119.4 C676.0,119.4 676.0,123.7 728,123.7 C780.0,123.7 780.0,143.1 832,143.1 C884.0,143.1 884.0,164.2 936,164.2 C988.0,164.2 988.0,171.0 1040,171.0 C1092.0,171.0 1092.0,162.4 1144,162.4 C1196.0,162.4 1196.0,150.9 1248,150.9 C1300.0,150.9 1300.0,145.8 1352,145.8 C1404.0,145.8 1404.0,142.9 1456,142.9" />
        <path d="M0,222.5 C52.0,222.5 52.0,197.6 104,197.6 C156.0,197.6 156.0,190.5 208,190.5 C260.0,190.5 260.0,186.2 312,186.2 C364.0,186.2 364.0,173.0 416,173.0 C468.0,173.0 468.0,172.0 520,172.0 C572.0,172.0 572.0,200.7 624,200.7 C676.0,200.7 676.0,235.0 728,235.0 C780.0,235.0 780.0,239.1 832,239.1 C884.0,239.1 884.0,217.9 936,217.9 C988.0,217.9 988.0,202.2 1040,202.2 C1092.0,202.2 1092.0,197.7 1144,197.7 C1196.0,197.7 1196.0,184.7 1248,184.7 C1300.0,184.7 1300.0,166.2 1352,166.2 C1404.0,166.2 1404.0,171.5 1456,171.5" />
        <path d="M0,260.0 C52.0,260.0 52.0,240.9 104,240.9 C156.0,240.9 156.0,238.4 208,238.4 C260.0,238.4 260.0,223.3 312,223.3 C364.0,223.3 364.0,232.0 416,232.0 C468.0,232.0 468.0,283.6 520,283.6 C572.0,283.6 572.0,313.2 624,313.2 C676.0,313.2 676.0,286.2 728,286.2 C780.0,286.2 780.0,256.4 832,256.4 C884.0,256.4 884.0,249.4 936,249.4 C988.0,249.4 988.0,230.7 1040,230.7 C1092.0,230.7 1092.0,213.7 1144,213.7 C1196.0,213.7 1196.0,247.4 1248,247.4 C1300.0,247.4 1300.0,299.7 1352,299.7 C1404.0,299.7 1404.0,302.8 1456,302.8" />
        <path d="M0,307.1 C52.0,307.1 52.0,305.1 104,305.1 C156.0,305.1 156.0,305.4 208,305.4 C260.0,305.4 260.0,301.3 312,301.3 C364.0,301.3 364.0,298.6 416,298.6 C468.0,298.6 468.0,308.2 520,308.2 C572.0,308.2 572.0,329.1 624,329.1 C676.0,329.1 676.0,345.9 728,345.9 C780.0,345.9 780.0,345.2 832,345.2 C884.0,345.2 884.0,330.3 936,330.3 C988.0,330.3 988.0,316.0 1040,316.0 C1092.0,316.0 1092.0,310.9 1144,310.9 C1196.0,310.9 1196.0,309.2 1248,309.2 C1300.0,309.2 1300.0,302.7 1352,302.7 C1404.0,302.7 1404.0,294.8 1456,294.8" />
        <path d="M0,354.3 C52.0,354.3 52.0,357.5 104,357.5 C156.0,357.5 156.0,353.4 208,353.4 C260.0,353.4 260.0,354.2 312,354.2 C364.0,354.2 364.0,379.6 416,379.6 C468.0,379.6 468.0,412.2 520,412.2 C572.0,412.2 572.0,415.6 624,415.6 C676.0,415.6 676.0,388.9 728,388.9 C780.0,388.9 780.0,366.1 832,366.1 C884.0,366.1 884.0,361.9 936,361.9 C988.0,361.9 988.0,357.5 1040,357.5 C1092.0,357.5 1092.0,346.2 1144,346.2 C1196.0,346.2 1196.0,351.8 1248,351.8 C1300.0,351.8 1300.0,384.8 1352,384.8 C1404.0,384.8 1404.0,414.3 1456,414.3" />
        <path d="M0,406.9 C52.0,406.9 52.0,409.0 104,409.0 C156.0,409.0 156.0,409.8 208,409.8 C260.0,409.8 260.0,447.4 312,447.4 C364.0,447.4 364.0,488.1 416,488.1 C468.0,488.1 468.0,470.9 520,470.9 C572.0,470.9 572.0,425.7 624,425.7 C676.0,425.7 676.0,411.5 728,411.5 C780.0,411.5 780.0,410.3 832,410.3 C884.0,410.3 884.0,397.9 936,397.9 C988.0,397.9 988.0,414.8 1040,414.8 C1092.0,414.8 1092.0,467.5 1144,467.5 C1196.0,467.5 1196.0,486.8 1248,486.8 C1300.0,486.8 1300.0,452.6 1352,452.6 C1404.0,452.6 1404.0,425.0 1456,425.0" />
        <path d="M0,479.4 C52.0,479.4 52.0,479.4 104,479.4 C156.0,479.4 156.0,481.2 208,481.2 C260.0,481.2 260.0,493.5 312,493.5 C364.0,493.5 364.0,512.5 416,512.5 C468.0,512.5 468.0,522.7 520,522.7 C572.0,522.7 572.0,514.2 624,514.2 C676.0,514.2 676.0,494.5 728,494.5 C780.0,494.5 780.0,480.0 832,480.0 C884.0,480.0 884.0,477.4 936,477.4 C988.0,477.4 988.0,479.0 1040,479.0 C1092.0,479.0 1092.0,476.6 1144,476.6 C1196.0,476.6 1196.0,474.1 1248,474.1 C1300.0,474.1 1300.0,482.3 1352,482.3 C1404.0,482.3 1404.0,502.2 1456,502.2" />
        <path d="M0,535.4 C52.0,535.4 52.0,538.1 104,538.1 C156.0,538.1 156.0,558.3 208,558.3 C260.0,558.3 260.0,586.9 312,586.9 C364.0,586.9 364.0,589.2 416,589.2 C468.0,589.2 468.0,559.1 520,559.1 C572.0,559.1 572.0,530.7 624,530.7 C676.0,530.7 676.0,527.0 728,527.0 C780.0,527.0 780.0,531.4 832,531.4 C884.0,531.4 884.0,528.3 936,528.3 C988.0,528.3 988.0,533.8 1040,533.8 C1092.0,533.8 1092.0,562.8 1144,562.8 C1196.0,562.8 1196.0,590.8 1248,590.8 C1300.0,590.8 1300.0,585.1 1352,585.1 C1404.0,585.1 1404.0,554.9 1456,554.9" />
        <path d="M0,594.7 C52.0,594.7 52.0,614.8 104,614.8 C156.0,614.8 156.0,654.9 208,654.9 C260.0,654.9 260.0,653.8 312,653.8 C364.0,653.8 364.0,603.3 416,603.3 C468.0,603.3 468.0,573.3 520,573.3 C572.0,573.3 572.0,581.5 624,581.5 C676.0,581.5 676.0,584.5 728,584.5 C780.0,584.5 780.0,590.1 832,590.1 C884.0,590.1 884.0,631.2 936,631.2 C988.0,631.2 988.0,663.9 1040,663.9 C1092.0,663.9 1092.0,636.3 1144,636.3 C1196.0,636.3 1196.0,591.8 1248,591.8 C1300.0,591.8 1300.0,583.0 1352,583.0 C1404.0,583.0 1404.0,582.9 1456,582.9" />